216
10426
17696
14997
17850
24956
17289
24226
8207
14701
10631
20212
3265
23866
2240
1576
16404
1612
17400
6996
13612
22088
5777
21899
11654
8847
3076
12123
8315
12222
26476
19024
6851
23854
31482
21105
3566
16499
28543
20929
4075
12510
31720
29629
2691
17148
3259
14562
23260
13335
23453
6694
24825
17843
30413
7291
32566
2320
14504
21586
2511
6829
12070
22804
9816
19905
29529
10409
6980
18369
28915
31475
3936
3039
7614
1362
14679
30343
8484
11808
32558
10466
27559
12339
1479
25685
15976
11872
12384
22017
8866
14069
4116
21059
20782
14140
17238
51
2558
24317
17787
29991
23460
29690
11823
16431
23243
5490
24829
26009
18875
28577
11465
19052
12247
24381
23383
4079
24864
1272
12484
24354
30129
18691
23306
9281
12611
20103
20863
14918
23209
22316
9300
1637
851
5780
15384
912
16077
30174
2356
15859
19007
18214
9071
15991
9197
26882
22889
26177
4790
23045
12322
14898
7575
15421
21107
7782
29479
18614
28817
440
16666
13047
3983
31035
31680
31874
18651
19392
5509
14422
31165
27988
9841
15983
25310
27329
936
20291
14269
17674
18154
10052
7737
15602
17938
611
7693
3700
31384
3977
77
7242
22800
21534
7916
2920
6315
32644
9271
20096
27315
11930
14937
8574
8722
7996
10966
29963
19146
21439
28179
18956
12667
9848
10955
32033
23266
19764
9625
553
27479
19647
8307
4027
32332
23648
